nltcs
[4, 5, 10, 11, 12, 13, 14, 15]
[1, 1, 0, 0, 0, 1, 1, 0]
msnbc
[2, 4, 5, 9, 10, 12, 15, 16]
[0, 0, 0, 0, 0, 1, 0, 0]
kdd
[1, 2, 3, 4, 5, 7, 13, 15, 17, 22, 23, 26, 28, 29, 33, 37, 40, 41, 42, 44, 47, 49, 51, 52, 53, 55, 57, 59, 60, 61, 62, 63]
[0, 0, 0, 0, 0, 0, 0, 0, 0, 0, 0, 0, 0, 0, 0, 0, 0, 0, 0, 0, 0, 0, 0, 0, 0, 0, 0, 0, 0, 0, 0, 0]
plants
[1, 3, 5, 6, 8, 11, 14, 17, 19, 20, 22, 23, 28, 29, 30, 37, 38, 39, 40, 44, 48, 50, 51, 53, 55, 57, 58, 60, 61, 63, 64, 65, 67, 68]
[1, 1, 1, 1, 1, 1, 1, 1, 1, 1, 1, 1, 1, 1, 1, 1, 1, 1, 1, 1, 1, 1, 1, 1, 1, 1, 1, 1, 1, 1, 1, 1, 1, 1]
baudio
[2, 4, 5, 7, 8, 10, 11, 12, 13, 15, 17, 18, 19, 21, 22, 23, 25, 26, 27, 28, 29, 32, 36, 37, 40, 41, 42, 43, 46, 47, 52, 53, 56, 58, 59, 61, 63, 64, 65, 66, 69, 71, 82, 84, 87, 91, 93, 94, 95, 97]
[1, 0, 0, 0, 1, 0, 1, 1, 0, 0, 0, 0, 0, 0, 0, 0, 0, 0, 0, 1, 0, 0, 0, 0, 0, 0, 0, 0, 0, 0, 0, 0, 0, 0, 0, 0, 1, 0, 0, 0, 0, 0, 0, 1, 0, 1, 1, 1, 1, 0]
jester
[2, 3, 4, 5, 8, 9, 11, 12, 17, 18, 20, 21, 22, 23, 24, 25, 28, 32, 34, 35, 37, 40, 43, 44, 50, 52, 53, 55, 56, 61, 62, 63, 65, 67, 68, 72, 73, 75, 77, 80, 82, 84, 85, 86, 87, 90, 94, 95, 96, 99]
[0, 0, 1, 0, 0, 0, 1, 0, 0, 0, 1, 0, 0, 0, 0, 0, 1, 0, 0, 0, 1, 0, 0, 0, 0, 1, 0, 1, 0, 0, 0, 0, 0, 0, 0, 0, 0, 0, 0, 0, 0, 0, 0, 0, 0, 0, 0, 0, 0, 0]
bnetflix
[1, 4, 9, 12, 18, 23, 25, 26, 27, 29, 30, 31, 33, 36, 38, 39, 41, 42, 43, 46, 48, 49, 51, 52, 58, 59, 60, 61, 64, 66, 71, 73, 74, 75, 76, 77, 78, 80, 82, 83, 84, 86, 88, 89, 90, 92, 93, 94, 95, 98]
[0, 1, 1, 1, 1, 1, 1, 1, 0, 1, 1, 1, 0, 0, 1, 1, 1, 1, 1, 1, 1, 0, 1, 1, 1, 1, 1, 1, 1, 1, 0, 1, 1, 1, 1, 1, 1, 0, 1, 1, 1, 1, 1, 1, 0, 1, 1, 1, 1, 0]
accidents
[1, 3, 7, 8, 9, 10, 11, 13, 16, 17, 22, 23, 24, 31, 33, 34, 35, 37, 38, 40, 42, 43, 44, 46, 48, 49, 52, 53, 57, 61, 62, 63, 65, 66, 70, 73, 76, 78, 79, 81, 85, 86, 88, 90, 91, 92, 94, 96, 98, 99, 101, 102, 106, 107, 109, 110]
[1, 1, 0, 1, 1, 1, 1, 1, 1, 1, 1, 1, 0, 0, 0, 1, 0, 0, 0, 0, 0, 0, 1, 0, 0, 0, 0, 1, 0, 0, 0, 1, 0, 0, 0, 0, 0, 0, 0, 0, 0, 0, 0, 0, 0, 0, 0, 0, 0, 0, 0, 0, 0, 0, 0, 0]
tretail
[2, 3, 4, 6, 7, 9, 11, 13, 16, 18, 19, 21, 22, 23, 25, 27, 30, 34, 36, 38, 39, 42, 45, 46, 47, 48, 49, 50, 54, 56, 57, 59, 61, 63, 65, 72, 73, 74, 77, 78, 84, 86, 88, 89, 90, 93, 95, 96, 97, 100, 101, 103, 107, 109, 110, 111, 112, 113, 119, 123, 124, 126, 127, 129, 131, 132, 133, 134]
[0, 0, 0, 0, 0, 0, 0, 0, 0, 0, 0, 0, 0, 0, 0, 0, 0, 0, 0, 0, 0, 0, 0, 0, 0, 0, 0, 0, 0, 0, 0, 0, 0, 0, 0, 0, 0, 0, 0, 0, 0, 0, 0, 0, 0, 0, 0, 0, 0, 0, 0, 0, 0, 0, 0, 0, 0, 0, 0, 0, 0, 0, 0, 0, 0, 0, 0, 0]
pumsb_star
[2, 3, 6, 7, 8, 15, 18, 21, 22, 23, 24, 26, 27, 28, 29, 31, 34, 37, 39, 42, 43, 45, 46, 47, 49, 50, 51, 52, 55, 56, 58, 60, 62, 66, 68, 69, 73, 76, 78, 79, 80, 84, 86, 88, 92, 93, 94, 95, 97, 98, 101, 102, 104, 105, 106, 108, 110, 111, 112, 117, 121, 122, 125, 127, 128, 129, 131, 132, 135, 136, 137, 138, 142, 147, 148, 151, 152, 156, 158, 160, 161, 162]
[1, 1, 1, 1, 1, 1, 0, 0, 0, 1, 1, 1, 1, 0, 0, 0, 0, 1, 1, 1, 1, 0, 0, 0, 1, 0, 0, 1, 1, 1, 0, 1, 0, 0, 0, 0, 0, 0, 0, 1, 0, 1, 1, 0, 0, 0, 0, 0, 0, 0, 0, 0, 0, 0, 0, 0, 0, 0, 0, 1, 0, 0, 0, 0, 0, 0, 0, 0, 0, 0, 0, 0, 0, 0, 0, 0, 0, 0, 0, 0, 0, 0]
dna
[1, 3, 4, 5, 7, 10, 13, 18, 20, 21, 30, 31, 35, 37, 38, 39, 40, 42, 46, 47, 50, 51, 54, 56, 57, 59, 61, 62, 64, 65, 68, 71, 74, 75, 78, 81, 82, 84, 85, 86, 88, 89, 93, 94, 95, 96, 98, 100, 101, 102, 105, 106, 107, 108, 109, 112, 113, 116, 117, 120, 121, 131, 132, 133, 134, 135, 136, 139, 141, 144, 146, 149, 150, 152, 153, 157, 158, 159, 163, 164, 166, 167, 168, 169, 170, 171, 174, 175, 176, 178]
[0, 0, 1, 0, 0, 0, 1, 1, 0, 0, 0, 0, 0, 1, 0, 1, 0, 0, 0, 0, 0, 0, 1, 0, 0, 0, 1, 0, 0, 0, 1, 0, 0, 0, 0, 0, 1, 0, 0, 1, 0, 1, 0, 0, 0, 0, 1, 0, 0, 0, 0, 0, 1, 0, 0, 0, 1, 0, 0, 0, 0, 0, 0, 0, 0, 0, 0, 1, 0, 0, 0, 0, 0, 0, 1, 0, 0, 0, 0, 0, 0, 0, 1, 0, 0, 0, 0, 1, 0, 0]
kosarek
[2, 4, 5, 8, 11, 13, 17, 18, 19, 20, 21, 23, 25, 30, 31, 33, 39, 40, 41, 43, 44, 45, 46, 48, 49, 51, 53, 55, 57, 59, 60, 61, 63, 64, 66, 69, 71, 72, 73, 79, 85, 87, 89, 90, 91, 94, 97, 99, 103, 104, 105, 111, 112, 113, 114, 116, 119, 123, 126, 128, 129, 130, 133, 134, 135, 136, 137, 138, 139, 140, 142, 143, 144, 151, 153, 154, 155, 157, 158, 159, 160, 165, 167, 168, 170, 173, 174, 175, 180, 182, 184, 186, 187, 188, 189]
[0, 0, 0, 0, 0, 0, 0, 0, 0, 0, 0, 0, 0, 0, 0, 0, 0, 0, 0, 0, 0, 0, 0, 0, 0, 0, 0, 0, 0, 0, 0, 0, 0, 0, 0, 0, 0, 0, 0, 0, 0, 0, 0, 0, 0, 0, 0, 0, 0, 0, 0, 0, 0, 0, 0, 0, 0, 0, 0, 0, 0, 0, 0, 0, 0, 0, 0, 0, 0, 0, 0, 0, 0, 0, 0, 0, 0, 0, 0, 0, 0, 0, 0, 0, 0, 0, 0, 0, 0, 0, 0, 0, 0, 0, 0]
msweb
[4, 5, 6, 10, 15, 17, 21, 24, 26, 27, 28, 29, 33, 34, 37, 39, 41, 42, 43, 45, 46, 47, 48, 49, 52, 53, 54, 55, 56, 60, 62, 63, 64, 65, 66, 67, 68, 69, 72, 76, 77, 81, 82, 84, 85, 87, 92, 93, 95, 96, 97, 98, 99, 100, 103, 104, 105, 110, 111, 114, 117, 118, 121, 125, 126, 131, 132, 134, 136, 137, 139, 144, 146, 147, 149, 152, 153, 155, 160, 161, 162, 164, 166, 167, 169, 173, 174, 175, 176, 181, 184, 189, 191, 193, 194, 195, 197, 200, 204, 206, 208, 209, 213, 215, 219, 225, 226, 227, 228, 232, 233, 234, 235, 236, 237, 239, 240, 244, 245, 246, 247, 253, 254, 255, 256, 257, 259, 261, 263, 264, 265, 268, 269, 271, 272, 274, 275, 276, 277, 279, 281, 284, 286, 288, 289, 292, 293]
[0, 0, 0, 1, 0, 0, 0, 0, 0, 0, 0, 0, 0, 0, 0, 0, 0, 0, 0, 0, 0, 0, 0, 0, 0, 0, 0, 0, 0, 0, 0, 0, 0, 0, 0, 0, 0, 0, 0, 0, 0, 0, 0, 0, 0, 0, 0, 0, 0, 0, 0, 0, 0, 0, 0, 0, 0, 0, 0, 0, 0, 0, 0, 0, 0, 0, 0, 0, 0, 0, 0, 0, 0, 0, 0, 0, 0, 0, 0, 0, 0, 0, 0, 0, 0, 0, 0, 0, 0, 0, 0, 0, 0, 0, 0, 0, 0, 0, 0, 0, 0, 0, 0, 0, 0, 0, 0, 0, 0, 0, 0, 0, 0, 0, 0, 0, 0, 0, 0, 0, 0, 0, 0, 0, 0, 0, 0, 0, 0, 0, 0, 0, 0, 0, 0, 0, 0, 0, 0, 0, 0, 0, 0, 0, 0, 0, 0]
book
[2, 3, 6, 8, 13, 14, 16, 18, 19, 20, 21, 22, 23, 24, 25, 29, 30, 31, 35, 37, 43, 44, 46, 47, 48, 49, 50, 51, 54, 55, 56, 60, 63, 65, 66, 67, 70, 72, 73, 75, 76, 77, 78, 81, 84, 88, 89, 91, 92, 93, 95, 96, 97, 101, 106, 107, 108, 109, 110, 111, 113, 114, 116, 117, 118, 119, 121, 122, 125, 128, 129, 131, 137, 138, 139, 142, 147, 149, 151, 152, 154, 155, 156, 157, 161, 162, 163, 165, 168, 169, 170, 172, 173, 177, 179, 180, 181, 187, 190, 191, 192, 194, 200, 203, 204, 206, 208, 209, 215, 220, 224, 225, 228, 233, 234, 242, 244, 245, 246, 247, 250, 253, 257, 258, 259, 261, 266, 269, 271, 272, 273, 275, 277, 281, 283, 284, 287, 291, 292, 294, 295, 296, 299, 302, 304, 305, 306, 307, 310, 312, 314, 316, 319, 323, 325, 328, 333, 334, 337, 341, 342, 343, 345, 347, 348, 352, 353, 354, 357, 358, 360, 364, 366, 367, 369, 372, 373, 376, 381, 383, 384, 385, 386, 387, 388, 390, 392, 393, 394, 395, 397, 398, 399, 400, 401, 402, 403, 407, 408, 411, 412, 414, 415, 416, 417, 419, 420, 421, 422, 428, 429, 434, 436, 438, 439, 442, 447, 448, 450, 451, 452, 453, 454, 455, 457, 459, 460, 462, 463, 464, 465, 466, 467, 468, 470, 472, 475, 476, 478, 479, 481, 483, 484, 486, 488, 491, 492, 493, 496, 498]
[0, 0, 0, 0, 0, 0, 0, 0, 0, 0, 0, 0, 0, 0, 0, 0, 0, 0, 0, 0, 0, 0, 0, 0, 0, 0, 0, 0, 0, 0, 0, 0, 0, 0, 0, 0, 0, 0, 0, 0, 0, 0, 0, 0, 0, 0, 0, 0, 0, 0, 0, 0, 0, 0, 0, 0, 0, 0, 0, 0, 0, 0, 0, 0, 0, 0, 0, 0, 0, 0, 0, 0, 0, 0, 0, 0, 0, 0, 0, 0, 0, 0, 0, 0, 0, 0, 0, 0, 0, 0, 0, 0, 0, 0, 0, 0, 0, 0, 0, 0, 0, 0, 0, 0, 0, 0, 0, 0, 0, 0, 0, 0, 0, 0, 0, 0, 0, 0, 0, 0, 0, 0, 0, 0, 0, 0, 0, 0, 0, 0, 0, 0, 0, 0, 0, 0, 0, 0, 0, 0, 0, 0, 0, 0, 0, 0, 0, 0, 0, 0, 0, 0, 0, 0, 0, 0, 0, 0, 0, 0, 0, 0, 0, 0, 0, 0, 0, 0, 0, 0, 0, 0, 0, 0, 0, 0, 0, 0, 0, 0, 0, 0, 0, 0, 0, 0, 0, 0, 0, 0, 0, 0, 0, 0, 0, 0, 0, 0, 0, 0, 0, 0, 0, 0, 0, 0, 0, 0, 0, 0, 0, 0, 0, 0, 0, 0, 0, 0, 0, 0, 0, 0, 0, 0, 0, 0, 0, 0, 0, 0, 0, 0, 0, 0, 0, 0, 0, 0, 0, 0, 0, 0, 0, 0, 0, 0, 0, 0, 0, 0]
tmovie
[2, 4, 7, 9, 10, 12, 14, 19, 20, 23, 25, 26, 27, 29, 30, 31, 34, 37, 39, 40, 42, 47, 49, 51, 54, 55, 60, 61, 63, 65, 68, 69, 70, 74, 77, 79, 83, 84, 85, 86, 87, 88, 89, 95, 97, 99, 100, 101, 103, 106, 108, 109, 110, 111, 114, 115, 118, 120, 121, 123, 124, 126, 128, 130, 133, 135, 140, 141, 142, 143, 145, 146, 147, 151, 152, 154, 155, 156, 159, 162, 163, 164, 168, 172, 173, 175, 176, 180, 182, 183, 186, 189, 197, 199, 201, 202, 206, 207, 208, 209, 213, 216, 219, 220, 222, 225, 226, 227, 235, 236, 237, 238, 239, 240, 241, 242, 244, 245, 250, 253, 257, 258, 259, 260, 261, 262, 263, 267, 268, 273, 274, 277, 278, 282, 285, 288, 290, 292, 295, 296, 297, 299, 302, 303, 304, 305, 311, 315, 316, 317, 319, 321, 323, 324, 326, 327, 330, 332, 333, 335, 336, 337, 338, 345, 346, 347, 351, 353, 355, 359, 362, 363, 365, 367, 370, 373, 375, 376, 377, 378, 380, 382, 383, 388, 389, 391, 392, 394, 396, 398, 402, 403, 405, 409, 410, 411, 412, 413, 418, 420, 424, 426, 427, 428, 429, 432, 435, 436, 437, 438, 440, 441, 443, 446, 448, 449, 451, 454, 455, 456, 457, 458, 459, 460, 461, 463, 465, 466, 467, 471, 472, 473, 474, 476, 478, 479, 481, 482, 484, 485, 486, 487, 488, 490, 491, 495, 496, 497, 498, 499]
[0, 0, 0, 1, 0, 0, 0, 0, 1, 0, 0, 0, 0, 0, 0, 1, 0, 1, 0, 0, 0, 1, 0, 0, 0, 0, 0, 0, 0, 0, 0, 0, 0, 0, 0, 0, 0, 0, 0, 0, 0, 0, 0, 0, 0, 0, 0, 0, 0, 0, 0, 0, 0, 0, 0, 0, 0, 0, 0, 0, 0, 0, 0, 0, 0, 0, 0, 0, 1, 0, 0, 0, 0, 0, 0, 1, 0, 0, 0, 0, 0, 0, 0, 0, 0, 0, 0, 0, 0, 0, 0, 0, 1, 0, 0, 0, 0, 0, 0, 0, 1, 0, 1, 0, 0, 0, 0, 0, 0, 0, 0, 0, 0, 0, 0, 0, 0, 0, 0, 0, 0, 0, 0, 0, 0, 0, 0, 0, 0, 0, 0, 0, 0, 0, 0, 1, 0, 0, 0, 0, 0, 0, 0, 0, 1, 1, 0, 0, 0, 1, 0, 0, 0, 0, 0, 1, 0, 1, 0, 0, 0, 1, 0, 0, 0, 0, 0, 0, 1, 0, 0, 0, 0, 0, 0, 0, 0, 0, 0, 0, 0, 0, 0, 0, 0, 0, 1, 0, 0, 0, 0, 0, 0, 0, 0, 0, 0, 0, 0, 0, 0, 0, 0, 0, 0, 0, 0, 0, 1, 0, 0, 0, 0, 0, 0, 0, 0, 0, 0, 0, 0, 0, 0, 1, 0, 0, 0, 0, 0, 0, 0, 0, 0, 0, 0, 0, 0, 0, 0, 0, 0, 0, 0, 0, 0, 0, 0, 0, 0, 0]
cwebkb
[2, 5, 6, 9, 11, 15, 19, 22, 24, 26, 27, 28, 30, 32, 34, 41, 42, 44, 46, 47, 48, 50, 52, 56, 57, 58, 60, 61, 63, 64, 66, 68, 69, 70, 72, 74, 75, 76, 78, 81, 82, 84, 86, 90, 91, 92, 93, 95, 98, 99, 100, 101, 102, 104, 108, 109, 111, 113, 116, 119, 122, 125, 126, 130, 131, 134, 135, 136, 138, 140, 142, 144, 146, 148, 153, 154, 157, 158, 159, 161, 163, 165, 167, 172, 176, 178, 179, 183, 184, 185, 186, 188, 189, 190, 191, 195, 198, 200, 201, 206, 208, 210, 212, 213, 214, 215, 218, 225, 227, 228, 232, 236, 238, 243, 244, 245, 246, 247, 249, 252, 253, 255, 257, 260, 262, 263, 264, 266, 268, 270, 273, 275, 280, 282, 283, 285, 286, 287, 288, 290, 291, 292, 293, 295, 297, 298, 299, 302, 303, 305, 306, 310, 311, 313, 315, 316, 318, 319, 320, 322, 323, 328, 329, 330, 331, 332, 334, 336, 339, 342, 345, 349, 351, 353, 354, 355, 356, 359, 361, 364, 365, 366, 367, 368, 369, 370, 371, 372, 377, 378, 379, 381, 383, 385, 386, 390, 391, 393, 395, 397, 399, 401, 403, 404, 405, 406, 409, 410, 415, 418, 422, 424, 425, 428, 429, 434, 435, 438, 442, 443, 447, 448, 449, 450, 453, 454, 455, 456, 457, 460, 461, 463, 465, 466, 467, 468, 470, 471, 473, 474, 475, 478, 479, 482, 483, 484, 485, 488, 490, 491, 493, 494, 495, 496, 497, 499, 500, 501, 502, 507, 508, 509, 516, 519, 520, 522, 526, 527, 528, 529, 532, 533, 534, 538, 541, 542, 544, 547, 548, 549, 553, 556, 557, 563, 565, 566, 567, 568, 570, 571, 574, 575, 577, 578, 579, 580, 583, 585, 586, 587, 588, 592, 593, 595, 597, 600, 602, 603, 604, 605, 606, 608, 609, 610, 616, 617, 618, 619, 620, 628, 629, 631, 633, 635, 637, 642, 644, 645, 646, 647, 648, 649, 650, 653, 663, 664, 666, 670, 675, 677, 678, 683, 684, 685, 686, 688, 689, 692, 694, 696, 697, 698, 699, 702, 703, 704, 705, 707, 708, 709, 713, 715, 718, 721, 723, 724, 725, 727, 728, 730, 731, 734, 735, 736, 739, 742, 744, 747, 749, 755, 756, 759, 760, 762, 766, 774, 775, 776, 777, 778, 779, 780, 781, 782, 783, 787, 791, 792, 793, 795, 796, 797, 798, 803, 804, 805, 806, 808, 809, 812, 817, 818, 820, 821, 824, 828, 829, 830, 831, 836]
[0, 0, 0, 0, 0, 0, 0, 0, 0, 0, 0, 0, 0, 0, 1, 0, 0, 0, 0, 0, 0, 0, 0, 0, 0, 0, 0, 0, 0, 0, 0, 0, 0, 0, 0, 0, 0, 0, 0, 0, 0, 0, 0, 0, 0, 0, 0, 0, 0, 0, 0, 0, 0, 0, 0, 0, 0, 0, 0, 0, 0, 1, 0, 0, 0, 0, 0, 0, 0, 0, 0, 0, 0, 0, 0, 0, 0, 0, 0, 0, 0, 0, 0, 0, 0, 0, 0, 0, 0, 0, 0, 0, 0, 0, 0, 0, 0, 0, 0, 0, 0, 0, 0, 0, 0, 0, 0, 0, 0, 0, 0, 0, 0, 0, 0, 0, 0, 0, 0, 0, 0, 0, 0, 0, 0, 0, 0, 0, 0, 0, 0, 0, 0, 0, 0, 0, 0, 0, 0, 0, 0, 0, 0, 0, 0, 0, 0, 0, 0, 0, 0, 0, 0, 0, 0, 0, 0, 0, 0, 0, 0, 0, 0, 0, 0, 1, 0, 0, 0, 0, 0, 0, 0, 0, 0, 0, 0, 0, 0, 0, 0, 0, 0, 0, 1, 0, 0, 0, 0, 0, 0, 0, 0, 0, 0, 0, 0, 0, 0, 0, 0, 0, 0, 0, 0, 0, 0, 0, 0, 1, 0, 0, 0, 0, 0, 0, 0, 0, 0, 0, 0, 0, 0, 0, 0, 0, 0, 0, 0, 0, 0, 0, 0, 0, 0, 0, 0, 0, 0, 0, 0, 0, 0, 0, 0, 0, 0, 0, 0, 0, 0, 0, 0, 0, 0, 0, 0, 0, 0, 0, 0, 0, 0, 0, 0, 0, 0, 0, 0, 0, 0, 0, 0, 0, 0, 0, 0, 0, 0, 0, 0, 0, 0, 0, 0, 0, 0, 0, 0, 0, 0, 0, 0, 0, 0, 0, 0, 0, 0, 0, 0, 0, 0, 0, 0, 0, 0, 0, 0, 0, 0, 0, 0, 0, 0, 0, 0, 0, 0, 0, 0, 0, 0, 1, 0, 0, 0, 0, 0, 0, 0, 0, 0, 0, 0, 0, 0, 0, 0, 0, 0, 0, 0, 0, 0, 0, 0, 0, 0, 0, 0, 0, 0, 0, 0, 0, 0, 0, 0, 0, 0, 0, 0, 0, 0, 0, 0, 0, 0, 0, 0, 0, 0, 0, 0, 0, 0, 0, 0, 0, 0, 0, 0, 0, 0, 0, 0, 0, 0, 0, 0, 0, 0, 0, 0, 0, 1, 1, 0, 0, 0, 0, 0, 0, 0, 0, 0, 0, 0, 0, 1, 0, 0, 0, 1, 0, 0, 0, 0, 0]
cr52
[1, 3, 4, 5, 6, 8, 13, 15, 16, 17, 19, 20, 22, 25, 27, 30, 34, 35, 38, 39, 44, 49, 53, 55, 57, 58, 61, 66, 68, 70, 73, 74, 75, 76, 79, 80, 82, 85, 87, 88, 92, 95, 97, 98, 101, 102, 104, 105, 106, 108, 111, 113, 114, 118, 121, 123, 125, 126, 128, 129, 130, 132, 133, 134, 137, 138, 140, 142, 146, 148, 149, 150, 152, 154, 155, 156, 159, 162, 164, 167, 168, 169, 170, 172, 176, 182, 184, 185, 187, 191, 192, 193, 194, 196, 197, 199, 202, 206, 208, 209, 213, 216, 217, 222, 224, 229, 231, 232, 234, 235, 239, 240, 241, 243, 246, 248, 249, 250, 251, 253, 254, 255, 256, 257, 258, 260, 262, 264, 269, 271, 272, 274, 275, 277, 280, 286, 288, 290, 292, 294, 296, 297, 300, 302, 303, 304, 306, 308, 309, 311, 314, 315, 318, 320, 322, 326, 327, 328, 332, 336, 338, 339, 342, 343, 344, 345, 346, 351, 353, 354, 355, 356, 358, 359, 360, 364, 365, 366, 367, 368, 369, 371, 372, 375, 377, 378, 381, 382, 383, 384, 386, 388, 390, 391, 393, 395, 400, 403, 405, 406, 407, 408, 410, 411, 413, 414, 415, 416, 420, 424, 426, 427, 428, 429, 432, 433, 436, 437, 439, 440, 441, 446, 447, 450, 452, 453, 458, 459, 460, 465, 466, 467, 468, 469, 472, 474, 475, 476, 481, 482, 483, 486, 487, 494, 495, 496, 498, 499, 500, 503, 505, 506, 507, 514, 516, 517, 518, 519, 523, 524, 526, 527, 528, 533, 536, 537, 539, 541, 545, 550, 551, 553, 554, 559, 560, 561, 562, 566, 568, 569, 570, 571, 572, 574, 575, 576, 581, 583, 585, 587, 589, 593, 594, 597, 598, 599, 602, 603, 613, 614, 615, 618, 619, 623, 625, 627, 628, 629, 631, 635, 636, 637, 641, 643, 646, 648, 649, 650, 651, 653, 655, 656, 657, 658, 660, 661, 663, 664, 665, 666, 667, 669, 670, 671, 672, 676, 679, 682, 683, 687, 688, 689, 690, 691, 693, 695, 696, 697, 698, 701, 703, 704, 706, 707, 708, 710, 714, 716, 717, 722, 724, 725, 726, 728, 731, 733, 734, 736, 738, 739, 740, 741, 742, 743, 746, 747, 752, 753, 755, 757, 758, 759, 760, 761, 762, 764, 765, 767, 772, 773, 777, 778, 780, 782, 784, 787, 790, 791, 792, 794, 797, 799, 800, 801, 803, 805, 810, 812, 813, 817, 822, 825, 826, 829, 830, 833, 834, 835, 837, 838, 840, 842, 844, 845, 846, 847, 849, 850, 851, 853, 855, 856, 860, 868, 873, 874, 876, 877, 879, 880, 882, 883, 885, 888]
[0, 0, 0, 0, 0, 1, 0, 0, 0, 0, 0, 0, 0, 0, 0, 0, 0, 0, 0, 0, 0, 0, 0, 0, 0, 0, 0, 0, 0, 0, 0, 0, 0, 0, 0, 0, 0, 0, 0, 0, 0, 0, 0, 0, 0, 0, 0, 0, 0, 0, 0, 0, 0, 0, 0, 0, 0, 0, 0, 0, 0, 0, 0, 0, 0, 0, 0, 0, 0, 0, 0, 0, 0, 0, 0, 0, 0, 0, 0, 0, 0, 0, 0, 0, 0, 0, 0, 0, 0, 0, 0, 0, 0, 0, 0, 0, 0, 0, 0, 0, 0, 0, 0, 0, 0, 0, 0, 0, 0, 0, 0, 0, 0, 0, 0, 0, 0, 0, 0, 0, 0, 0, 0, 0, 0, 0, 0, 0, 0, 0, 0, 0, 0, 0, 0, 0, 0, 0, 0, 0, 0, 0, 0, 0, 0, 0, 0, 0, 0, 0, 0, 0, 0, 0, 0, 0, 0, 0, 0, 0, 0, 0, 0, 0, 0, 0, 0, 0, 0, 0, 0, 0, 0, 0, 0, 0, 0, 0, 0, 0, 0, 0, 0, 0, 0, 0, 0, 0, 0, 0, 0, 0, 0, 0, 0, 0, 0, 0, 0, 0, 0, 0, 0, 0, 0, 0, 0, 0, 0, 0, 0, 0, 0, 0, 0, 0, 0, 0, 0, 0, 0, 0, 0, 0, 0, 0, 0, 0, 0, 0, 0, 0, 0, 0, 0, 0, 0, 0, 0, 0, 0, 0, 0, 0, 0, 0, 0, 0, 0, 0, 0, 0, 0, 0, 0, 0, 0, 0, 0, 0, 0, 0, 0, 0, 0, 0, 0, 0, 0, 0, 0, 0, 0, 0, 0, 0, 0, 0, 0, 0, 0, 0, 0, 0, 0, 0, 0, 0, 0, 0, 0, 0, 0, 0, 0, 0, 0, 0, 0, 0, 0, 0, 0, 0, 0, 0, 0, 0, 0, 0, 0, 0, 0, 1, 0, 0, 0, 0, 0, 0, 0, 0, 0, 0, 0, 0, 0, 0, 0, 0, 0, 0, 0, 0, 0, 0, 0, 0, 0, 0, 0, 0, 0, 0, 0, 1, 0, 0, 0, 0, 0, 0, 0, 0, 0, 0, 0, 0, 0, 0, 0, 0, 0, 0, 0, 0, 0, 0, 0, 0, 0, 0, 0, 0, 0, 0, 0, 0, 0, 0, 0, 0, 0, 0, 0, 0, 0, 0, 0, 0, 0, 0, 0, 0, 0, 0, 0, 0, 0, 0, 0, 0, 0, 0, 0, 0, 0, 0, 0, 0, 0, 0, 0, 0, 0, 0, 0, 0, 0, 0, 0, 0, 0, 0, 0, 0, 0, 0, 0, 0, 0, 0, 0, 0, 0, 0, 0, 0, 0, 0, 1, 0, 0, 0]
c20ng
[3, 4, 6, 7, 9, 13, 14, 16, 17, 20, 21, 23, 24, 25, 26, 27, 28, 30, 32, 33, 34, 39, 41, 45, 46, 47, 48, 50, 51, 52, 57, 58, 59, 61, 62, 65, 66, 67, 70, 72, 73, 74, 79, 80, 82, 85, 88, 89, 90, 92, 95, 97, 99, 101, 102, 103, 104, 105, 110, 111, 113, 114, 115, 117, 119, 120, 121, 123, 125, 127, 130, 132, 133, 136, 137, 138, 139, 142, 144, 145, 146, 150, 151, 153, 156, 158, 159, 161, 164, 166, 167, 168, 169, 170, 171, 172, 173, 174, 175, 177, 178, 179, 183, 185, 186, 190, 191, 195, 196, 198, 199, 203, 204, 205, 206, 208, 209, 210, 212, 213, 214, 215, 216, 217, 218, 219, 220, 221, 223, 229, 230, 232, 233, 237, 239, 244, 245, 247, 249, 250, 251, 253, 254, 256, 259, 261, 265, 266, 270, 272, 274, 275, 276, 279, 280, 281, 282, 284, 285, 286, 287, 288, 292, 294, 295, 301, 304, 307, 308, 310, 313, 314, 315, 319, 323, 324, 325, 329, 330, 331, 335, 336, 337, 339, 342, 345, 347, 349, 351, 352, 353, 356, 358, 362, 365, 366, 367, 369, 370, 371, 374, 378, 379, 383, 384, 385, 389, 390, 392, 394, 397, 399, 400, 401, 402, 404, 407, 410, 411, 413, 414, 416, 418, 419, 420, 422, 423, 424, 428, 439, 443, 444, 447, 449, 451, 452, 454, 455, 456, 460, 462, 465, 467, 469, 470, 471, 472, 474, 475, 476, 477, 479, 480, 483, 484, 485, 486, 487, 488, 490, 492, 494, 495, 499, 500, 503, 505, 507, 511, 514, 517, 518, 522, 523, 526, 527, 530, 531, 535, 537, 545, 546, 547, 550, 553, 554, 557, 558, 560, 561, 562, 564, 566, 568, 569, 572, 573, 574, 578, 584, 587, 590, 592, 593, 594, 596, 600, 601, 602, 604, 606, 607, 612, 614, 615, 617, 618, 619, 623, 626, 628, 629, 631, 634, 637, 638, 642, 643, 644, 653, 654, 655, 657, 658, 663, 665, 666, 668, 675, 677, 678, 679, 682, 685, 688, 690, 692, 693, 694, 696, 699, 701, 704, 705, 706, 708, 710, 711, 713, 714, 716, 717, 720, 722, 724, 727, 731, 733, 734, 736, 737, 738, 739, 744, 747, 749, 753, 754, 760, 761, 764, 765, 767, 768, 772, 773, 774, 775, 776, 778, 779, 784, 785, 786, 787, 793, 794, 798, 800, 802, 804, 807, 809, 810, 811, 813, 815, 817, 819, 820, 822, 823, 825, 827, 831, 832, 833, 834, 835, 837, 840, 842, 844, 846, 848, 850, 853, 855, 856, 858, 860, 861, 862, 864, 865, 866, 869, 873, 874, 876, 878, 879, 889, 892, 895, 896, 898, 899, 900, 901, 902, 904, 905, 908, 909]
[0, 0, 0, 0, 0, 0, 0, 0, 0, 0, 0, 0, 0, 0, 0, 0, 0, 0, 0, 0, 0, 0, 0, 0, 0, 0, 0, 0, 0, 0, 0, 0, 0, 0, 0, 0, 0, 0, 0, 0, 0, 0, 0, 0, 0, 0, 0, 0, 0, 0, 0, 0, 0, 0, 0, 0, 0, 0, 0, 0, 0, 0, 0, 0, 0, 0, 0, 0, 0, 0, 0, 0, 0, 0, 0, 0, 0, 0, 0, 0, 0, 0, 0, 0, 0, 0, 0, 0, 0, 0, 0, 0, 0, 0, 0, 0, 0, 0, 0, 0, 0, 0, 0, 0, 0, 0, 0, 0, 0, 0, 0, 0, 0, 0, 0, 0, 0, 0, 0, 0, 0, 0, 0, 0, 0, 0, 0, 0, 0, 0, 0, 0, 0, 0, 0, 0, 0, 0, 0, 0, 0, 0, 0, 0, 1, 0, 0, 0, 0, 0, 0, 1, 0, 0, 0, 0, 0, 0, 0, 0, 0, 0, 0, 0, 0, 0, 0, 0, 0, 0, 0, 0, 0, 0, 0, 0, 0, 0, 0, 0, 0, 0, 0, 0, 0, 0, 0, 0, 0, 0, 0, 0, 0, 0, 0, 0, 0, 0, 0, 0, 0, 0, 0, 0, 0, 0, 0, 0, 0, 0, 0, 0, 0, 0, 0, 0, 0, 0, 0, 0, 0, 0, 0, 0, 0, 0, 0, 0, 0, 0, 0, 0, 0, 0, 0, 0, 0, 0, 0, 0, 0, 0, 0, 0, 0, 0, 0, 0, 0, 0, 0, 0, 0, 0, 0, 0, 0, 0, 0, 0, 0, 0, 0, 0, 0, 0, 0, 0, 0, 0, 0, 0, 0, 0, 0, 0, 0, 0, 0, 0, 0, 0, 0, 0, 0, 0, 0, 0, 0, 0, 0, 0, 0, 0, 0, 0, 0, 0, 0, 0, 0, 0, 0, 0, 0, 0, 0, 0, 0, 0, 0, 0, 0, 0, 0, 0, 0, 0, 0, 0, 0, 0, 0, 0, 0, 0, 0, 0, 0, 0, 0, 0, 0, 0, 0, 0, 0, 0, 0, 0, 0, 0, 0, 0, 0, 0, 0, 0, 0, 0, 0, 0, 0, 0, 0, 0, 0, 0, 0, 0, 0, 0, 0, 0, 0, 0, 0, 0, 0, 0, 0, 0, 0, 0, 0, 0, 0, 0, 0, 0, 0, 0, 0, 0, 0, 0, 0, 0, 0, 0, 0, 0, 0, 0, 0, 0, 0, 0, 0, 0, 0, 0, 0, 0, 0, 0, 0, 0, 0, 0, 0, 0, 0, 0, 0, 0, 0, 0, 0, 0, 0, 0, 0, 0, 0, 0, 0, 0, 0, 0, 0, 0, 0, 0, 0, 0, 0, 0, 0, 0, 0, 1, 0, 0, 0, 0, 0, 0, 0, 0, 0, 0, 0, 0, 0]
bbc
[2, 3, 4, 5, 6, 8, 10, 12, 13, 15, 16, 17, 19, 20, 26, 29, 30, 31, 36, 38, 39, 42, 43, 45, 48, 50, 52, 54, 56, 57, 60, 62, 63, 65, 69, 70, 75, 76, 78, 80, 82, 83, 84, 86, 92, 93, 94, 97, 98, 102, 103, 106, 111, 112, 115, 117, 118, 119, 120, 121, 122, 123, 131, 134, 135, 136, 137, 140, 144, 146, 150, 154, 155, 157, 159, 162, 163, 165, 166, 167, 168, 170, 172, 176, 178, 179, 182, 187, 191, 192, 193, 195, 196, 198, 199, 200, 202, 206, 207, 208, 210, 215, 217, 218, 221, 222, 224, 226, 230, 231, 232, 233, 238, 239, 242, 244, 251, 253, 254, 255, 258, 260, 262, 263, 264, 266, 267, 268, 269, 271, 272, 275, 277, 278, 279, 282, 283, 289, 291, 292, 294, 296, 297, 298, 300, 303, 304, 305, 306, 308, 311, 313, 314, 320, 322, 326, 328, 329, 336, 337, 339, 341, 342, 343, 346, 347, 348, 350, 352, 353, 356, 357, 359, 360, 361, 362, 365, 367, 375, 377, 380, 381, 382, 386, 387, 392, 393, 395, 397, 402, 404, 406, 408, 410, 413, 419, 420, 421, 422, 423, 425, 427, 428, 429, 432, 434, 435, 436, 438, 442, 443, 447, 455, 456, 459, 460, 461, 464, 466, 468, 472, 474, 477, 482, 486, 487, 489, 493, 494, 498, 499, 502, 504, 506, 510, 513, 514, 517, 518, 519, 521, 522, 523, 525, 528, 529, 530, 535, 537, 539, 540, 541, 544, 545, 546, 547, 552, 553, 555, 556, 557, 558, 559, 560, 562, 563, 564, 565, 566, 567, 568, 569, 570, 573, 574, 575, 576, 577, 578, 580, 582, 583, 585, 586, 587, 589, 591, 594, 595, 596, 597, 599, 600, 602, 605, 606, 608, 609, 610, 611, 614, 615, 617, 618, 622, 623, 625, 628, 629, 631, 636, 637, 638, 640, 644, 645, 646, 648, 649, 651, 653, 656, 657, 658, 659, 660, 661, 666, 669, 670, 671, 673, 676, 679, 680, 681, 682, 686, 687, 689, 692, 693, 695, 697, 698, 702, 706, 709, 710, 713, 717, 718, 721, 722, 723, 725, 728, 732, 735, 737, 741, 744, 746, 751, 754, 755, 756, 758, 759, 760, 762, 763, 764, 769, 770, 771, 774, 775, 776, 782, 783, 784, 785, 787, 788, 790, 792, 795, 799, 801, 802, 803, 804, 805, 811, 812, 813, 814, 815, 816, 823, 824, 825, 826, 827, 831, 833, 835, 836, 837, 841, 842, 843, 844, 845, 846, 848, 849, 850, 851, 852, 853, 854, 857, 859, 863, 866, 867, 869, 871, 872, 874, 876, 878, 879, 880, 881, 882, 887, 889, 891, 892, 894, 895, 896, 897, 898, 899, 900, 901, 902, 903, 904, 905, 906, 907, 908, 911, 914, 915, 916, 918, 919, 922, 923, 925, 929, 931, 932, 935, 936, 937, 938, 939, 940, 942, 943, 945, 950, 952, 954, 959, 964, 966, 967, 970, 973, 975, 976, 977, 978, 979, 982, 984, 985, 986, 994, 995, 996, 998, 1003, 1005, 1008, 1010, 1018, 1022, 1025, 1026, 1027, 1031, 1032, 1035, 1036, 1037, 1038, 1039, 1040, 1041, 1042, 1043, 1044, 1046, 1048, 1050, 1051, 1052, 1054, 1055, 1056]
[1, 1, 0, 0, 0, 0, 0, 0, 1, 0, 0, 0, 0, 1, 0, 0, 1, 0, 0, 0, 0, 0, 0, 0, 0, 0, 0, 0, 0, 0, 0, 0, 1, 1, 0, 0, 0, 0, 0, 0, 0, 0, 0, 1, 0, 0, 0, 0, 0, 0, 0, 0, 0, 1, 1, 0, 0, 0, 1, 0, 0, 0, 0, 1, 0, 0, 1, 0, 0, 0, 0, 0, 0, 0, 0, 0, 0, 0, 0, 1, 0, 0, 0, 0, 0, 0, 0, 0, 0, 0, 0, 0, 0, 0, 0, 0, 0, 0, 0, 0, 0, 0, 0, 0, 0, 0, 0, 0, 0, 0, 0, 0, 0, 0, 0, 0, 1, 0, 0, 0, 0, 1, 0, 1, 0, 0, 0, 0, 0, 0, 0, 0, 0, 0, 0, 0, 0, 0, 0, 0, 0, 0, 0, 0, 0, 0, 0, 0, 0, 0, 0, 1, 0, 0, 0, 0, 0, 0, 0, 0, 0, 0, 0, 0, 0, 0, 0, 0, 0, 0, 1, 0, 0, 0, 0, 0, 0, 0, 0, 0, 0, 0, 0, 0, 0, 0, 0, 0, 0, 0, 0, 0, 0, 0, 0, 1, 0, 0, 0, 0, 0, 0, 0, 0, 0, 0, 0, 0, 0, 0, 0, 1, 0, 0, 0, 0, 0, 0, 0, 0, 1, 0, 0, 0, 0, 0, 0, 0, 0, 0, 0, 0, 0, 0, 0, 0, 0, 1, 0, 0, 0, 0, 0, 0, 0, 0, 0, 0, 0, 0, 0, 0, 0, 0, 0, 0, 0, 0, 0, 0, 0, 0, 0, 0, 0, 0, 0, 0, 0, 0, 0, 0, 0, 0, 0, 0, 0, 0, 0, 0, 0, 0, 0, 0, 0, 0, 0, 0, 0, 0, 0, 0, 0, 0, 0, 0, 0, 0, 0, 0, 0, 0, 0, 0, 1, 0, 0, 0, 0, 0, 0, 0, 0, 0, 0, 0, 0, 0, 0, 0, 0, 0, 0, 0, 0, 0, 0, 0, 0, 0, 0, 0, 0, 0, 0, 0, 0, 0, 0, 0, 0, 0, 0, 0, 0, 0, 0, 0, 0, 0, 0, 0, 0, 0, 0, 0, 0, 0, 0, 0, 0, 0, 0, 0, 0, 0, 0, 0, 0, 0, 0, 0, 0, 0, 0, 0, 0, 1, 0, 0, 0, 0, 0, 0, 0, 0, 0, 0, 0, 0, 1, 0, 0, 0, 0, 0, 0, 0, 0, 0, 0, 0, 0, 0, 0, 0, 0, 0, 0, 0, 0, 0, 0, 0, 0, 0, 0, 0, 0, 0, 0, 0, 0, 0, 0, 0, 0, 0, 0, 0, 0, 0, 0, 0, 1, 0, 0, 0, 0, 0, 0, 0, 0, 0, 0, 0, 0, 0, 0, 0, 0, 0, 0, 0, 0, 0, 0, 0, 0, 0, 0, 0, 0, 0, 0, 0, 0, 0, 0, 0, 0, 0, 0, 0, 0, 0, 0, 0, 0, 0, 0, 0, 0, 0, 0, 0, 0, 0, 0, 0, 0, 0, 0, 0, 0, 0, 0, 0, 0, 0, 0, 0, 0, 0, 0, 0, 0, 0, 0, 0, 0, 0, 0, 0, 0, 0, 0, 1, 0, 0, 0, 0, 0, 0, 0, 0, 0, 0, 0]
ad
[3, 4, 6, 7, 9, 16, 17, 18, 21, 22, 26, 27, 29, 30, 32, 33, 35, 37, 38, 42, 46, 47, 48, 49, 50, 52, 53, 55, 56, 59, 61, 62, 63, 64, 65, 66, 70, 71, 72, 74, 75, 76, 77, 79, 82, 84, 85, 91, 92, 94, 95, 96, 100, 105, 107, 108, 109, 110, 115, 117, 119, 122, 123, 124, 125, 127, 128, 129, 130, 136, 137, 138, 139, 141, 142, 143, 144, 147, 149, 151, 153, 157, 158, 160, 162, 163, 165, 173, 174, 175, 176, 178, 183, 186, 187, 189, 190, 192, 194, 196, 197, 199, 200, 201, 202, 204, 206, 209, 214, 215, 218, 223, 226, 228, 232, 233, 234, 236, 237, 239, 240, 242, 243, 249, 250, 255, 256, 262, 263, 264, 265, 273, 274, 275, 276, 277, 279, 282, 285, 286, 287, 289, 291, 292, 295, 296, 298, 299, 301, 304, 306, 307, 312, 315, 320, 321, 329, 334, 335, 336, 338, 339, 341, 342, 343, 344, 345, 346, 348, 349, 353, 354, 355, 357, 359, 360, 361, 363, 366, 368, 370, 371, 377, 378, 379, 380, 382, 383, 384, 386, 387, 388, 389, 390, 392, 393, 395, 397, 399, 401, 402, 405, 408, 410, 414, 415, 417, 418, 420, 421, 424, 425, 426, 427, 429, 432, 437, 438, 441, 443, 447, 452, 453, 454, 456, 457, 460, 461, 463, 466, 468, 469, 472, 475, 476, 477, 478, 479, 482, 484, 487, 489, 490, 491, 492, 493, 494, 495, 498, 503, 504, 506, 508, 515, 516, 519, 521, 522, 524, 525, 530, 533, 534, 535, 536, 542, 545, 546, 547, 549, 552, 553, 555, 556, 557, 558, 559, 560, 562, 564, 565, 567, 568, 572, 573, 574, 577, 579, 581, 582, 584, 585, 587, 589, 591, 593, 594, 596, 603, 604, 614, 616, 617, 619, 621, 622, 627, 629, 631, 634, 640, 641, 642, 643, 644, 646, 648, 649, 650, 653, 654, 656, 657, 659, 661, 662, 665, 667, 668, 669, 670, 674, 675, 677, 678, 680, 681, 682, 683, 684, 685, 686, 687, 688, 689, 690, 692, 694, 695, 697, 699, 700, 703, 704, 708, 710, 711, 715, 716, 718, 722, 724, 725, 726, 729, 730, 733, 735, 736, 737, 742, 747, 750, 751, 752, 753, 754, 756, 757, 760, 761, 762, 763, 766, 767, 770, 775, 776, 778, 779, 781, 782, 785, 786, 788, 789, 790, 791, 793, 796, 797, 800, 801, 802, 804, 807, 809, 810, 811, 814, 815, 816, 819, 821, 826, 827, 828, 830, 831, 832, 833, 838, 842, 846, 849, 853, 854, 856, 857, 860, 862, 863, 865, 867, 868, 870, 871, 872, 876, 877, 879, 881, 882, 885, 887, 889, 891, 892, 898, 899, 901, 902, 905, 906, 907, 909, 910, 913, 917, 919, 921, 925, 926, 927, 929, 931, 933, 935, 936, 940, 941, 942, 943, 944, 945, 948, 949, 951, 952, 960, 961, 964, 965, 969, 973, 974, 976, 977, 978, 979, 980, 984, 985, 986, 992, 993, 994, 995, 996, 999, 1004, 1005, 1006, 1008, 1009, 1014, 1016, 1020, 1022, 1025, 1027, 1029, 1031, 1033, 1034, 1037, 1038, 1044, 1046, 1052, 1053, 1054, 1055, 1058, 1059, 1060, 1062, 1064, 1065, 1067, 1068, 1069, 1070, 1072, 1073, 1074, 1075, 1076, 1077, 1079, 1088, 1090, 1094, 1095, 1097, 1098, 1099, 1101, 1102, 1105, 1107, 1108, 1112, 1113, 1115, 1116, 1117, 1118, 1121, 1122, 1125, 1130, 1131, 1134, 1137, 1138, 1139, 1140, 1144, 1146, 1148, 1150, 1152, 1153, 1154, 1156, 1158, 1159, 1160, 1161, 1162, 1164, 1165, 1166, 1169, 1170, 1173, 1175, 1176, 1177, 1179, 1180, 1181, 1183, 1184, 1186, 1187, 1188, 1190, 1191, 1193, 1194, 1196, 1199, 1200, 1202, 1203, 1204, 1208, 1209, 1211, 1212, 1214, 1218, 1220, 1225, 1228, 1229, 1232, 1233, 1236, 1237, 1239, 1241, 1242, 1243, 1245, 1246, 1247, 1251, 1253, 1254, 1255, 1257, 1258, 1259, 1260, 1261, 1265, 1268, 1269, 1270, 1271, 1272, 1273, 1275, 1276, 1280, 1282, 1284, 1288, 1296, 1297, 1298, 1299, 1300, 1303, 1304, 1307, 1310, 1312, 1313, 1314, 1316, 1317, 1322, 1323, 1324, 1326, 1329, 1331, 1334, 1335, 1336, 1337, 1338, 1341, 1343, 1344, 1346, 1348, 1349, 1355, 1356, 1360, 1362, 1364, 1368, 1370, 1376, 1377, 1381, 1387, 1388, 1389, 1391, 1395, 1397, 1398, 1401, 1403, 1405, 1406, 1407, 1408, 1414, 1415, 1418, 1419, 1420, 1423, 1425, 1427, 1428, 1431, 1433, 1434, 1437, 1439, 1441, 1444, 1449, 1450, 1451, 1453, 1454, 1455, 1456, 1458, 1459, 1460, 1461, 1462, 1463, 1465, 1467, 1468, 1469, 1470, 1472, 1473, 1475, 1476, 1477, 1478, 1479, 1480, 1481, 1483, 1484, 1488, 1489, 1490, 1496, 1497, 1499, 1503, 1505, 1506, 1508, 1509, 1511, 1513, 1519, 1521, 1522, 1523, 1525, 1531, 1533, 1536, 1539, 1542, 1543, 1547, 1549, 1550, 1552]
[0, 0, 0, 0, 0, 0, 0, 0, 0, 0, 0, 0, 0, 0, 0, 0, 0, 0, 0, 0, 0, 0, 0, 0, 0, 0, 0, 0, 0, 0, 0, 0, 0, 0, 0, 0, 1, 0, 0, 0, 0, 0, 0, 0, 0, 0, 0, 0, 0, 0, 0, 0, 0, 0, 1, 0, 0, 0, 0, 0, 0, 0, 0, 0, 0, 0, 0, 0, 0, 0, 0, 0, 0, 0, 0, 0, 0, 0, 0, 0, 0, 0, 0, 0, 0, 0, 0, 0, 0, 0, 0, 0, 0, 0, 0, 0, 0, 0, 0, 0, 0, 0, 0, 0, 0, 0, 0, 0, 0, 0, 0, 0, 0, 0, 0, 0, 0, 0, 0, 0, 0, 0, 0, 0, 0, 0, 0, 0, 0, 0, 0, 0, 0, 0, 0, 0, 0, 0, 0, 0, 0, 0, 0, 0, 0, 0, 0, 0, 0, 0, 0, 0, 0, 0, 0, 0, 0, 0, 0, 0, 0, 0, 0, 0, 0, 0, 0, 0, 0, 0, 0, 0, 0, 0, 0, 0, 0, 0, 0, 0, 0, 0, 0, 0, 0, 0, 0, 0, 0, 0, 0, 0, 0, 0, 0, 0, 0, 0, 1, 0, 0, 0, 0, 0, 0, 0, 0, 0, 0, 0, 0, 0, 0, 0, 0, 0, 0, 0, 0, 0, 0, 0, 0, 0, 0, 0, 0, 0, 0, 0, 0, 0, 0, 0, 0, 0, 0, 0, 0, 0, 0, 0, 0, 0, 0, 0, 0, 0, 0, 0, 0, 0, 0, 0, 0, 0, 0, 0, 0, 0, 0, 0, 0, 0, 0, 0, 0, 0, 0, 0, 0, 0, 0, 0, 0, 0, 0, 0, 0, 0, 0, 0, 0, 0, 0, 0, 0, 0, 0, 0, 0, 0, 0, 0, 0, 0, 0, 0, 0, 0, 0, 0, 0, 0, 0, 0, 0, 0, 0, 0, 0, 0, 0, 1, 0, 0, 0, 0, 0, 0, 0, 0, 0, 0, 0, 0, 0, 0, 0, 0, 0, 0, 0, 0, 0, 0, 0, 0, 0, 0, 0, 0, 0, 0, 0, 0, 0, 0, 0, 0, 0, 0, 0, 0, 0, 0, 0, 0, 0, 0, 0, 0, 0, 0, 0, 0, 0, 0, 0, 0, 0, 0, 0, 0, 0, 0, 0, 0, 0, 0, 0, 0, 0, 0, 0, 0, 0, 0, 0, 0, 0, 0, 0, 0, 0, 0, 0, 0, 0, 0, 0, 0, 0, 0, 0, 0, 0, 0, 0, 0, 0, 0, 0, 0, 0, 0, 0, 0, 0, 0, 0, 0, 0, 0, 0, 0, 0, 0, 0, 0, 1, 0, 0, 0, 0, 0, 0, 0, 0, 0, 0, 0, 0, 0, 0, 0, 0, 0, 0, 0, 0, 0, 0, 0, 0, 0, 0, 0, 0, 0, 0, 0, 0, 0, 0, 0, 0, 0, 0, 0, 0, 0, 0, 0, 0, 0, 0, 0, 0, 0, 0, 0, 0, 0, 0, 0, 0, 0, 0, 0, 0, 0, 0, 0, 0, 0, 0, 0, 0, 0, 0, 0, 0, 0, 0, 0, 0, 0, 0, 1, 0, 0, 0, 0, 0, 0, 0, 0, 0, 0, 0, 0, 0, 0, 0, 0, 0, 1, 0, 0, 0, 0, 0, 0, 0, 0, 0, 0, 0, 0, 0, 0, 0, 0, 0, 0, 0, 0, 0, 0, 0, 0, 0, 0, 0, 0, 0, 0, 0, 0, 0, 0, 0, 0, 0, 0, 0, 0, 0, 0, 0, 0, 0, 0, 0, 0, 0, 0, 0, 0, 0, 0, 0, 0, 0, 0, 0, 0, 0, 0, 0, 0, 0, 0, 0, 0, 0, 0, 0, 0, 0, 0, 0, 0, 0, 0, 0, 0, 0, 0, 0, 0, 0, 0, 0, 0, 0, 0, 0, 0, 0, 0, 0, 0, 0, 0, 0, 0, 0, 0, 0, 0, 0, 0, 0, 0, 0, 0, 0, 0, 0, 0, 0, 0, 0, 0, 0, 0, 0, 0, 0, 0, 0, 0, 0, 0, 0, 0, 0, 0, 0, 0, 0, 0, 0, 0, 0, 0, 0, 0, 0, 0, 0, 0, 0, 0, 0, 0, 0, 0, 0, 0, 0, 0, 0, 1, 0, 0, 0, 0, 0, 0, 0, 0, 0, 0, 0, 0, 0, 0, 0, 0, 0, 0, 0, 0, 0, 0, 0, 0, 0, 0, 0, 0, 0, 0, 0, 0, 0, 0, 0, 0, 0, 0, 0, 0, 0, 0, 0, 0, 0, 0, 0, 0, 0, 0, 0, 0, 0, 0, 0, 0, 0, 0, 0, 0, 0, 0, 0, 0, 0, 0, 0, 0, 0, 0, 0, 0, 0, 0, 0, 0, 0, 0, 0, 0, 0, 0, 0, 0, 0, 0, 0, 0, 0, 0, 0, 0]
