nltcs
[7, 11]
[0, 1]
msnbc
[6, 7]
[1, 0]
kdd
[2, 11, 22, 43, 54, 58]
[0, 0, 0, 0, 0, 0]
plants
[11, 19, 25, 30, 43, 48, 68]
[0, 0, 0, 0, 0, 0, 0]
baudio
[5, 27, 28, 30, 42, 45, 54, 72, 85, 95]
[0, 0, 0, 0, 0, 0, 0, 1, 0, 0]
jester
[25, 36, 40, 41, 43, 44, 45, 52, 73, 75]
[1, 1, 1, 1, 1, 1, 1, 1, 0, 1]
bnetflix
[5, 8, 12, 25, 34, 39, 41, 43, 45, 76]
[1, 0, 0, 0, 0, 1, 1, 1, 0, 0]
accidents
[9, 20, 30, 35, 60, 64, 65, 91, 95, 97, 99]
[1, 0, 0, 0, 0, 0, 0, 0, 0, 0, 0]
tretail
[3, 33, 35, 39, 44, 59, 64, 69, 76, 78, 83, 88, 118, 121]
[1, 0, 0, 0, 1, 0, 0, 0, 0, 0, 0, 0, 0, 0]
pumsb_star
[22, 31, 39, 50, 52, 86, 87, 98, 104, 130, 136, 147, 151, 152, 156, 161]
[0, 1, 1, 1, 0, 1, 0, 0, 0, 0, 0, 0, 0, 0, 0, 0]
dna
[15, 38, 45, 51, 52, 54, 69, 76, 88, 100, 120, 124, 143, 144, 148, 155, 167, 168]
[0, 0, 1, 1, 0, 1, 0, 0, 0, 0, 0, 0, 0, 1, 1, 0, 0, 1]
kosarek
[7, 24, 28, 40, 63, 65, 67, 70, 75, 79, 90, 113, 130, 151, 158, 170, 172, 180, 186]
[1, 0, 1, 1, 1, 0, 0, 0, 0, 0, 0, 0, 1, 0, 1, 1, 0, 0, 0]
msweb
[25, 50, 60, 82, 97, 99, 101, 109, 121, 125, 132, 161, 169, 175, 177, 182, 201, 205, 213, 214, 216, 219, 227, 229, 257, 266, 270, 282, 283]
[0, 0, 0, 0, 0, 0, 0, 0, 0, 0, 0, 0, 0, 0, 0, 0, 0, 0, 0, 0, 0, 0, 0, 0, 0, 0, 0, 0, 0]
book
[13, 21, 38, 51, 56, 71, 85, 91, 94, 100, 116, 119, 143, 156, 161, 163, 169, 171, 174, 187, 188, 211, 217, 229, 236, 237, 240, 258, 277, 278, 291, 299, 306, 321, 334, 341, 343, 347, 374, 404, 422, 427, 431, 463, 465, 471, 472, 475, 490, 497]
[0, 0, 0, 0, 0, 0, 0, 0, 0, 0, 0, 0, 0, 0, 0, 0, 0, 0, 0, 0, 0, 0, 0, 0, 0, 0, 0, 0, 0, 0, 0, 0, 0, 0, 0, 0, 0, 0, 0, 0, 0, 0, 0, 0, 0, 0, 0, 0, 0, 0]
tmovie
[1, 10, 13, 16, 23, 29, 41, 44, 45, 46, 63, 66, 76, 91, 99, 111, 121, 158, 167, 170, 172, 175, 191, 198, 199, 206, 214, 242, 246, 262, 273, 274, 294, 319, 321, 326, 333, 340, 349, 355, 383, 399, 403, 406, 407, 411, 429, 463, 464, 471]
[0, 0, 0, 0, 0, 0, 0, 1, 0, 1, 0, 0, 0, 0, 1, 0, 0, 1, 0, 0, 0, 0, 0, 0, 0, 0, 0, 0, 0, 0, 0, 0, 0, 0, 0, 0, 0, 0, 0, 0, 0, 0, 0, 0, 0, 0, 0, 0, 0, 0]
cwebkb
[11, 16, 54, 62, 66, 67, 85, 90, 101, 105, 115, 135, 144, 146, 155, 170, 176, 177, 182, 196, 215, 221, 230, 238, 253, 258, 291, 296, 305, 319, 321, 335, 355, 374, 387, 405, 424, 429, 437, 493, 511, 519, 521, 522, 524, 526, 529, 546, 556, 562, 571, 573, 588, 591, 607, 612, 641, 643, 653, 680, 687, 688, 691, 698, 700, 701, 704, 706, 709, 710, 713, 740, 741, 742, 746, 754, 757, 759, 771, 775, 781, 805, 808, 815]
[0, 0, 0, 0, 0, 0, 0, 0, 0, 1, 0, 0, 0, 0, 1, 0, 0, 0, 0, 0, 0, 0, 0, 0, 1, 0, 0, 0, 0, 0, 0, 0, 1, 0, 0, 0, 0, 0, 0, 0, 0, 0, 0, 0, 0, 0, 0, 0, 0, 0, 0, 0, 0, 0, 0, 0, 0, 0, 0, 0, 0, 0, 0, 0, 0, 0, 0, 0, 0, 0, 1, 0, 0, 0, 0, 0, 0, 0, 0, 0, 0, 0, 0, 0]
cr52
[28, 29, 31, 55, 73, 79, 91, 98, 131, 139, 167, 181, 190, 192, 197, 204, 226, 234, 235, 258, 270, 281, 296, 299, 303, 323, 324, 325, 338, 348, 350, 352, 370, 372, 378, 379, 380, 399, 404, 424, 429, 441, 446, 447, 455, 460, 472, 474, 487, 488, 496, 509, 545, 546, 549, 563, 584, 589, 617, 628, 631, 634, 641, 664, 677, 690, 692, 694, 699, 711, 719, 725, 729, 730, 741, 751, 760, 782, 791, 794, 798, 799, 820, 839, 846, 853, 859, 864, 876]
[0, 0, 0, 0, 0, 0, 0, 0, 0, 0, 0, 0, 0, 0, 0, 0, 0, 0, 0, 0, 0, 0, 0, 0, 0, 0, 0, 0, 0, 0, 0, 0, 0, 0, 0, 0, 0, 0, 0, 0, 0, 0, 0, 0, 0, 0, 0, 0, 0, 0, 0, 0, 0, 0, 0, 0, 0, 0, 0, 0, 0, 0, 0, 0, 0, 0, 0, 1, 0, 0, 0, 0, 0, 0, 0, 0, 0, 0, 0, 0, 0, 0, 0, 0, 0, 0, 0, 0, 0]
c20ng
[2, 11, 19, 21, 44, 52, 55, 80, 101, 131, 150, 156, 165, 168, 172, 180, 188, 189, 202, 208, 216, 223, 225, 227, 234, 239, 248, 259, 280, 284, 291, 299, 300, 306, 320, 335, 342, 344, 365, 369, 373, 374, 405, 437, 467, 476, 490, 495, 511, 530, 539, 541, 543, 557, 562, 568, 576, 583, 586, 597, 623, 625, 629, 638, 646, 651, 669, 672, 677, 682, 698, 724, 726, 727, 731, 733, 736, 766, 774, 780, 810, 841, 847, 849, 856, 879, 887, 888, 895, 898, 907]
[0, 0, 0, 0, 0, 0, 0, 0, 0, 0, 0, 0, 0, 0, 0, 0, 0, 0, 0, 0, 0, 0, 0, 0, 0, 0, 0, 1, 0, 0, 0, 0, 0, 0, 0, 0, 0, 0, 0, 0, 0, 0, 0, 0, 0, 0, 0, 0, 0, 0, 0, 0, 0, 0, 0, 0, 0, 0, 0, 0, 0, 0, 0, 0, 0, 0, 0, 0, 0, 0, 0, 0, 0, 0, 0, 0, 0, 1, 0, 0, 0, 0, 0, 0, 0, 0, 0, 0, 0, 0, 0]
bbc
[6, 16, 17, 28, 39, 40, 53, 82, 84, 85, 89, 100, 103, 107, 112, 116, 118, 134, 151, 155, 173, 197, 206, 215, 232, 238, 267, 272, 275, 276, 278, 284, 287, 294, 301, 309, 330, 333, 334, 339, 371, 373, 383, 385, 409, 416, 452, 482, 486, 505, 524, 533, 534, 548, 555, 559, 575, 584, 595, 622, 634, 635, 636, 646, 651, 660, 687, 698, 716, 717, 743, 756, 769, 782, 784, 785, 807, 809, 815, 827, 832, 834, 839, 852, 855, 858, 866, 892, 904, 908, 911, 919, 927, 930, 932, 933, 936, 937, 944, 947, 948, 973, 987, 995, 1024, 1035]
[1, 0, 1, 0, 0, 0, 1, 0, 0, 0, 0, 0, 0, 0, 0, 0, 0, 0, 0, 0, 0, 0, 0, 0, 0, 0, 1, 1, 0, 0, 0, 0, 1, 0, 0, 0, 0, 0, 1, 0, 0, 0, 1, 0, 0, 0, 0, 0, 0, 0, 0, 0, 0, 0, 1, 0, 0, 0, 0, 0, 0, 1, 0, 0, 0, 0, 0, 0, 0, 0, 0, 0, 0, 0, 0, 0, 0, 0, 0, 0, 0, 0, 0, 0, 0, 0, 0, 0, 1, 0, 0, 0, 0, 0, 0, 0, 0, 0, 0, 0, 0, 0, 0, 0, 0, 0]
ad
[27, 28, 73, 84, 112, 121, 124, 139, 147, 148, 158, 159, 163, 170, 172, 173, 217, 232, 238, 247, 253, 259, 292, 301, 304, 320, 325, 333, 350, 362, 378, 391, 399, 402, 414, 423, 424, 432, 436, 447, 448, 464, 465, 469, 473, 478, 491, 529, 534, 540, 552, 557, 569, 576, 627, 631, 633, 644, 648, 651, 656, 660, 671, 684, 688, 692, 699, 705, 708, 730, 737, 746, 752, 763, 766, 792, 797, 804, 813, 817, 821, 823, 829, 830, 836, 842, 847, 858, 860, 875, 894, 896, 915, 938, 948, 949, 954, 959, 968, 979, 996, 997, 998, 1017, 1043, 1045, 1065, 1069, 1077, 1079, 1090, 1091, 1092, 1109, 1132, 1147, 1148, 1152, 1157, 1163, 1183, 1207, 1212, 1223, 1225, 1236, 1240, 1254, 1282, 1288, 1298, 1302, 1340, 1344, 1349, 1350, 1351, 1359, 1413, 1427, 1432, 1438, 1455, 1456, 1458, 1465, 1467, 1469, 1479, 1480, 1492, 1495, 1505, 1508, 1534, 1535]
[0, 0, 0, 0, 0, 0, 0, 0, 0, 0, 0, 0, 0, 0, 0, 0, 0, 0, 0, 0, 0, 0, 0, 0, 0, 0, 0, 0, 0, 0, 0, 0, 0, 0, 0, 0, 0, 0, 0, 0, 0, 0, 0, 0, 0, 0, 0, 0, 0, 0, 0, 0, 0, 0, 0, 0, 0, 0, 0, 0, 0, 0, 0, 0, 0, 0, 0, 0, 0, 0, 0, 0, 0, 0, 0, 0, 0, 0, 0, 0, 0, 0, 0, 0, 0, 0, 0, 0, 0, 0, 0, 0, 0, 0, 0, 0, 0, 0, 0, 0, 0, 0, 0, 0, 1, 0, 0, 0, 0, 0, 0, 0, 0, 0, 0, 0, 0, 0, 0, 0, 0, 0, 0, 0, 0, 0, 0, 0, 0, 0, 0, 0, 0, 0, 0, 0, 0, 0, 0, 0, 0, 0, 0, 0, 0, 0, 0, 0, 0, 0, 0, 0, 0, 0, 0, 0]
