nltcs
[4, 11, 13]
[1, 0, 0]
msnbc
[8, 10, 16]
[0, 0, 0]
kdd
[5, 13, 17, 19, 24, 25, 33, 34, 41, 42, 46, 51, 52]
[0, 0, 0, 0, 0, 0, 0, 0, 0, 0, 0, 0, 0]
plants
[3, 4, 16, 17, 21, 26, 27, 32, 42, 45, 52, 56, 57, 64]
[0, 1, 0, 0, 0, 0, 0, 0, 0, 0, 0, 0, 0, 0]
baudio
[6, 8, 19, 20, 25, 29, 31, 34, 40, 43, 53, 55, 57, 58, 61, 77, 89, 96, 97, 98]
[0, 1, 1, 1, 1, 1, 0, 1, 1, 0, 1, 0, 1, 1, 0, 0, 1, 0, 0, 1]
jester
[4, 8, 11, 15, 26, 28, 32, 50, 52, 63, 68, 70, 74, 81, 82, 84, 87, 88, 95, 97]
[0, 0, 1, 1, 1, 1, 0, 1, 1, 1, 1, 0, 0, 1, 1, 1, 1, 1, 1, 1]
bnetflix
[7, 16, 18, 30, 31, 33, 35, 40, 42, 48, 54, 61, 64, 68, 69, 71, 74, 75, 76, 87]
[1, 0, 1, 0, 0, 0, 1, 0, 1, 1, 0, 0, 1, 0, 1, 0, 0, 1, 0, 1]
accidents
[1, 3, 8, 9, 15, 19, 20, 21, 22, 25, 33, 41, 44, 47, 67, 87, 89, 92, 97, 101, 103, 104]
[1, 1, 1, 0, 1, 0, 1, 1, 1, 0, 0, 0, 0, 0, 0, 0, 0, 0, 0, 0, 0, 0]
tretail
[1, 2, 5, 7, 9, 12, 15, 22, 24, 31, 36, 55, 57, 59, 63, 66, 75, 89, 94, 98, 108, 110, 114, 115, 119, 123, 132]
[0, 0, 0, 0, 0, 0, 0, 0, 0, 0, 0, 0, 0, 0, 0, 0, 0, 0, 0, 0, 0, 0, 0, 0, 0, 0, 0]
pumsb_star
[1, 6, 7, 9, 17, 22, 29, 36, 42, 45, 46, 48, 52, 56, 65, 78, 81, 83, 93, 97, 98, 101, 109, 112, 113, 120, 124, 135, 140, 152, 153, 155, 162]
[0, 0, 0, 1, 1, 1, 0, 1, 1, 1, 1, 1, 1, 0, 0, 0, 1, 1, 0, 0, 0, 0, 0, 1, 0, 0, 0, 0, 0, 1, 0, 0, 0]
dna
[1, 2, 6, 8, 9, 15, 27, 28, 37, 41, 44, 51, 62, 63, 80, 81, 84, 90, 96, 99, 101, 102, 105, 110, 114, 121, 123, 129, 131, 138, 146, 154, 156, 158, 168, 169]
[0, 0, 0, 0, 1, 0, 0, 0, 1, 0, 0, 0, 0, 0, 0, 0, 1, 1, 1, 0, 0, 0, 0, 0, 1, 1, 1, 1, 0, 1, 0, 0, 1, 0, 0, 0]
kosarek
[2, 3, 7, 9, 22, 41, 43, 44, 57, 66, 71, 73, 77, 78, 79, 81, 86, 95, 107, 108, 112, 115, 116, 125, 132, 153, 156, 161, 163, 169, 171, 174, 176, 177, 179, 182, 183, 188]
[0, 0, 0, 0, 0, 0, 0, 0, 0, 0, 0, 0, 0, 0, 0, 0, 0, 0, 0, 0, 0, 0, 0, 0, 0, 0, 0, 0, 0, 0, 0, 0, 0, 0, 0, 0, 0, 0]
msweb
[13, 16, 19, 23, 25, 27, 31, 38, 43, 52, 55, 57, 61, 62, 71, 73, 76, 84, 85, 88, 97, 99, 109, 110, 114, 116, 120, 122, 124, 131, 133, 134, 141, 151, 153, 155, 160, 162, 173, 191, 196, 210, 228, 230, 239, 242, 249, 257, 261, 266, 267, 270, 273, 276, 278, 279, 281, 288, 289]
[0, 0, 1, 0, 0, 0, 0, 0, 0, 1, 0, 0, 0, 0, 0, 0, 0, 0, 0, 0, 0, 0, 0, 0, 0, 0, 0, 0, 0, 0, 0, 0, 0, 0, 0, 0, 0, 0, 0, 0, 0, 0, 0, 0, 0, 0, 0, 0, 0, 0, 0, 0, 0, 0, 0, 0, 0, 0, 0]
book
[1, 6, 17, 18, 22, 29, 44, 45, 51, 53, 54, 57, 60, 62, 72, 73, 74, 75, 76, 79, 82, 85, 90, 95, 98, 99, 104, 107, 114, 115, 116, 118, 119, 120, 123, 134, 146, 154, 155, 156, 158, 163, 170, 171, 173, 176, 181, 187, 200, 211, 223, 236, 241, 252, 258, 267, 273, 276, 287, 288, 289, 294, 297, 302, 305, 319, 328, 332, 338, 339, 357, 364, 372, 379, 380, 386, 395, 403, 404, 407, 415, 418, 423, 438, 440, 442, 443, 452, 456, 459, 468, 472, 477, 478, 479, 481, 483, 487, 488, 493]
[0, 0, 0, 0, 0, 0, 0, 0, 0, 0, 0, 0, 0, 0, 0, 0, 0, 0, 0, 1, 0, 0, 0, 0, 0, 0, 0, 0, 0, 0, 0, 0, 0, 0, 0, 0, 0, 0, 0, 0, 0, 0, 0, 0, 0, 0, 0, 0, 0, 0, 0, 0, 0, 0, 0, 0, 0, 0, 0, 0, 0, 0, 0, 0, 0, 0, 0, 0, 0, 0, 0, 0, 0, 0, 0, 0, 0, 0, 0, 0, 0, 0, 0, 0, 0, 0, 0, 0, 0, 0, 0, 0, 0, 0, 0, 0, 0, 0, 0, 0]
tmovie
[18, 22, 35, 41, 43, 53, 56, 75, 77, 79, 84, 97, 101, 102, 111, 113, 114, 120, 121, 128, 129, 131, 134, 136, 140, 141, 148, 159, 162, 164, 165, 171, 175, 177, 183, 184, 185, 187, 188, 200, 204, 210, 216, 217, 218, 228, 237, 247, 251, 252, 256, 267, 271, 273, 279, 280, 287, 290, 297, 299, 302, 305, 311, 313, 319, 322, 329, 333, 335, 336, 343, 345, 355, 358, 368, 381, 385, 390, 400, 401, 411, 412, 413, 416, 418, 420, 426, 427, 433, 438, 442, 457, 459, 462, 463, 473, 476, 480, 482, 495]
[0, 0, 0, 0, 0, 0, 0, 0, 0, 0, 0, 0, 0, 0, 0, 0, 0, 0, 0, 0, 0, 0, 1, 0, 0, 0, 0, 0, 0, 0, 0, 0, 0, 0, 0, 0, 0, 0, 0, 0, 0, 0, 0, 0, 0, 0, 0, 0, 0, 0, 0, 0, 0, 0, 0, 0, 0, 0, 0, 0, 0, 0, 0, 0, 0, 0, 0, 0, 0, 0, 0, 0, 0, 0, 0, 0, 0, 0, 0, 0, 0, 0, 0, 0, 0, 0, 0, 0, 0, 0, 0, 0, 0, 0, 0, 0, 0, 0, 0, 0]
cwebkb
[3, 6, 11, 13, 20, 22, 34, 42, 58, 59, 60, 65, 71, 73, 87, 95, 106, 111, 112, 113, 115, 121, 122, 124, 127, 133, 138, 139, 155, 156, 164, 168, 174, 178, 179, 208, 211, 230, 233, 234, 236, 237, 238, 242, 245, 247, 248, 257, 258, 260, 266, 270, 273, 275, 281, 286, 289, 294, 301, 315, 321, 330, 332, 333, 335, 336, 339, 344, 345, 351, 356, 360, 362, 364, 366, 367, 368, 371, 374, 380, 381, 387, 389, 391, 393, 402, 406, 409, 430, 438, 442, 449, 460, 465, 466, 472, 487, 496, 503, 513, 515, 516, 521, 522, 528, 530, 531, 538, 540, 542, 544, 546, 550, 552, 557, 560, 562, 563, 567, 575, 582, 586, 587, 592, 602, 605, 616, 617, 624, 627, 629, 637, 639, 645, 646, 654, 658, 669, 670, 678, 682, 684, 693, 694, 696, 699, 705, 711, 712, 746, 753, 754, 759, 770, 779, 781, 792, 804, 805, 808, 809, 817, 818, 821, 823, 824, 826, 831]
[0, 0, 0, 0, 0, 0, 0, 0, 0, 0, 0, 0, 0, 0, 0, 0, 0, 0, 0, 0, 0, 0, 0, 0, 0, 0, 0, 0, 0, 0, 0, 0, 0, 0, 0, 0, 0, 0, 0, 0, 0, 0, 0, 0, 0, 0, 0, 0, 0, 0, 0, 0, 0, 0, 0, 0, 0, 0, 0, 0, 0, 0, 0, 0, 0, 0, 0, 0, 0, 0, 0, 0, 1, 0, 0, 0, 0, 0, 0, 0, 0, 0, 0, 0, 0, 0, 0, 0, 0, 0, 0, 0, 0, 0, 0, 0, 0, 0, 0, 0, 0, 0, 0, 0, 0, 0, 0, 0, 0, 0, 0, 0, 0, 0, 0, 0, 0, 0, 0, 0, 0, 0, 0, 0, 0, 0, 0, 0, 0, 0, 0, 0, 0, 0, 0, 0, 0, 0, 0, 0, 0, 0, 0, 0, 0, 0, 0, 0, 0, 0, 0, 0, 0, 0, 0, 0, 0, 0, 0, 0, 0, 0, 0, 0, 0, 0, 0, 0]
cr52
[10, 15, 16, 22, 25, 31, 35, 36, 43, 50, 51, 53, 56, 59, 65, 67, 69, 73, 76, 77, 78, 79, 82, 97, 107, 115, 117, 126, 136, 143, 144, 153, 164, 165, 170, 172, 173, 175, 176, 177, 183, 185, 186, 203, 214, 218, 236, 241, 255, 258, 277, 280, 283, 290, 300, 307, 311, 312, 314, 327, 332, 333, 334, 349, 350, 354, 355, 368, 393, 397, 401, 402, 406, 409, 412, 416, 419, 428, 431, 445, 447, 451, 457, 459, 461, 462, 466, 467, 477, 480, 485, 488, 492, 495, 497, 527, 532, 539, 549, 554, 556, 558, 561, 564, 571, 572, 576, 577, 588, 591, 597, 599, 610, 611, 618, 621, 624, 633, 634, 638, 641, 642, 647, 648, 653, 654, 655, 658, 660, 662, 663, 664, 678, 684, 688, 697, 698, 719, 724, 726, 730, 734, 741, 747, 754, 755, 761, 764, 770, 771, 775, 780, 783, 785, 787, 794, 796, 798, 800, 802, 807, 808, 817, 822, 826, 832, 833, 850, 852, 853, 857, 862, 864, 868, 872, 877, 883, 884]
[0, 0, 0, 0, 0, 0, 0, 0, 0, 0, 0, 0, 0, 0, 0, 0, 0, 0, 0, 0, 0, 0, 0, 0, 0, 0, 0, 0, 0, 0, 0, 0, 0, 0, 0, 0, 0, 0, 0, 0, 0, 0, 0, 0, 0, 0, 0, 0, 0, 0, 0, 0, 0, 0, 0, 0, 0, 0, 0, 0, 0, 0, 0, 0, 0, 0, 0, 0, 0, 0, 0, 0, 0, 0, 0, 0, 0, 1, 0, 0, 0, 0, 0, 0, 0, 0, 0, 0, 1, 0, 0, 0, 0, 0, 0, 0, 0, 0, 0, 0, 0, 0, 0, 0, 0, 0, 0, 0, 0, 0, 0, 0, 0, 0, 0, 0, 0, 0, 0, 0, 0, 0, 0, 0, 0, 0, 0, 0, 0, 0, 1, 0, 1, 0, 0, 0, 0, 0, 0, 0, 0, 0, 0, 0, 0, 0, 0, 0, 0, 0, 0, 0, 0, 0, 0, 0, 0, 0, 0, 0, 0, 0, 0, 0, 0, 0, 0, 0, 0, 0, 0, 0, 0, 0, 0, 0, 0, 0]
c20ng
[2, 21, 22, 26, 40, 43, 44, 54, 55, 70, 83, 90, 91, 95, 98, 99, 102, 105, 112, 127, 128, 134, 142, 145, 147, 154, 156, 157, 165, 170, 172, 177, 179, 181, 191, 196, 200, 202, 204, 208, 212, 213, 217, 219, 222, 227, 230, 233, 235, 240, 249, 262, 274, 283, 288, 290, 293, 296, 297, 309, 315, 318, 321, 324, 326, 329, 332, 337, 344, 346, 348, 349, 355, 366, 367, 375, 387, 389, 391, 394, 396, 403, 406, 410, 417, 418, 420, 433, 441, 444, 446, 453, 457, 467, 472, 481, 489, 493, 502, 507, 510, 515, 517, 520, 521, 527, 541, 545, 556, 557, 559, 560, 564, 567, 574, 580, 583, 595, 596, 599, 603, 607, 619, 622, 623, 627, 632, 636, 639, 648, 658, 666, 667, 668, 684, 694, 699, 703, 706, 710, 720, 725, 732, 735, 736, 742, 744, 746, 747, 749, 752, 754, 761, 765, 767, 769, 774, 777, 781, 782, 784, 797, 803, 807, 808, 812, 817, 826, 831, 832, 834, 838, 841, 845, 846, 861, 876, 877, 878, 885, 889, 900]
[0, 0, 0, 0, 0, 0, 0, 0, 0, 0, 0, 0, 0, 0, 0, 0, 0, 0, 0, 0, 0, 0, 0, 0, 0, 0, 0, 0, 0, 0, 0, 0, 0, 0, 0, 0, 0, 0, 0, 0, 0, 0, 0, 0, 0, 0, 0, 0, 0, 0, 0, 0, 0, 0, 0, 0, 0, 0, 0, 0, 0, 0, 0, 0, 0, 0, 0, 0, 0, 0, 0, 0, 0, 0, 0, 0, 0, 0, 0, 0, 0, 0, 0, 0, 1, 0, 0, 0, 0, 0, 0, 0, 0, 0, 0, 0, 0, 0, 0, 0, 0, 0, 0, 0, 0, 0, 0, 0, 0, 0, 0, 0, 0, 0, 0, 0, 0, 0, 0, 0, 0, 0, 0, 0, 0, 0, 0, 0, 0, 0, 0, 0, 0, 0, 0, 0, 0, 0, 0, 0, 0, 0, 0, 0, 0, 0, 0, 0, 0, 0, 0, 0, 0, 0, 0, 0, 0, 0, 0, 0, 0, 0, 0, 0, 0, 0, 0, 0, 0, 0, 0, 0, 0, 0, 0, 0, 0, 0, 0, 0, 0, 0]
bbc
[1, 2, 5, 7, 10, 30, 41, 44, 48, 50, 55, 64, 68, 71, 72, 76, 81, 82, 87, 90, 102, 112, 115, 119, 122, 125, 127, 129, 130, 131, 132, 133, 138, 145, 147, 156, 159, 160, 162, 168, 176, 177, 186, 187, 189, 192, 193, 194, 199, 200, 203, 213, 215, 220, 234, 238, 244, 246, 255, 261, 263, 266, 278, 284, 285, 289, 297, 304, 309, 310, 314, 322, 335, 338, 339, 347, 355, 363, 365, 370, 384, 385, 387, 394, 397, 398, 409, 411, 414, 416, 417, 419, 422, 423, 424, 425, 426, 431, 432, 433, 434, 435, 438, 445, 446, 475, 483, 486, 487, 490, 494, 498, 501, 507, 509, 513, 516, 528, 533, 536, 538, 539, 570, 571, 575, 579, 582, 584, 585, 587, 589, 608, 626, 634, 646, 651, 657, 658, 659, 666, 667, 674, 676, 679, 694, 697, 700, 703, 713, 719, 720, 726, 731, 732, 733, 734, 741, 743, 744, 750, 758, 762, 769, 782, 785, 798, 801, 802, 804, 811, 820, 821, 830, 833, 842, 845, 852, 858, 866, 874, 878, 879, 884, 886, 887, 890, 900, 901, 905, 912, 915, 920, 935, 936, 939, 940, 954, 955, 958, 959, 966, 968, 969, 970, 971, 977, 1000, 1024, 1025, 1033, 1045, 1049]
[0, 1, 0, 0, 1, 0, 0, 0, 0, 1, 0, 0, 0, 1, 0, 0, 0, 0, 0, 0, 0, 0, 0, 0, 0, 0, 0, 0, 0, 0, 0, 0, 0, 0, 0, 0, 0, 0, 1, 0, 0, 0, 0, 0, 0, 0, 0, 0, 0, 0, 0, 1, 0, 1, 0, 0, 0, 0, 0, 0, 0, 0, 0, 0, 0, 0, 0, 0, 0, 0, 0, 0, 0, 0, 0, 0, 0, 0, 0, 0, 0, 0, 0, 0, 0, 0, 0, 0, 0, 0, 0, 1, 0, 0, 0, 0, 0, 0, 0, 0, 0, 0, 0, 0, 0, 0, 0, 0, 0, 0, 0, 0, 0, 0, 0, 0, 0, 0, 0, 0, 0, 0, 0, 0, 0, 0, 0, 1, 0, 0, 0, 1, 0, 0, 0, 0, 0, 0, 0, 0, 0, 0, 1, 0, 0, 0, 0, 0, 0, 0, 0, 0, 0, 0, 0, 0, 0, 0, 0, 0, 1, 0, 0, 0, 0, 0, 0, 0, 0, 0, 0, 0, 0, 0, 0, 0, 0, 0, 0, 0, 0, 0, 0, 0, 0, 0, 0, 0, 0, 0, 0, 0, 0, 0, 0, 0, 0, 0, 0, 0, 0, 0, 0, 0, 0, 0, 0, 0, 0, 0, 0, 0]
ad
[3, 4, 5, 18, 20, 24, 25, 26, 28, 33, 34, 42, 45, 49, 53, 56, 57, 63, 66, 72, 76, 80, 81, 89, 93, 96, 98, 105, 119, 126, 132, 137, 140, 141, 146, 148, 150, 152, 155, 157, 161, 166, 167, 168, 170, 175, 180, 182, 183, 197, 203, 206, 210, 212, 216, 228, 240, 242, 243, 244, 246, 248, 250, 259, 264, 270, 283, 289, 293, 296, 299, 303, 306, 307, 309, 310, 314, 318, 328, 330, 336, 338, 339, 341, 342, 345, 352, 356, 368, 369, 375, 380, 388, 391, 393, 413, 421, 425, 433, 434, 435, 452, 462, 464, 469, 477, 483, 499, 506, 507, 533, 536, 540, 547, 551, 556, 569, 575, 578, 580, 584, 591, 594, 599, 601, 610, 611, 612, 613, 616, 617, 619, 626, 629, 637, 639, 641, 663, 668, 674, 693, 698, 701, 718, 719, 725, 737, 743, 745, 747, 752, 753, 756, 759, 765, 771, 772, 774, 782, 785, 792, 796, 803, 811, 812, 833, 835, 848, 849, 858, 860, 866, 874, 875, 876, 879, 880, 885, 897, 898, 901, 911, 912, 915, 917, 920, 923, 925, 926, 930, 937, 949, 952, 954, 955, 959, 964, 970, 975, 976, 985, 993, 1004, 1015, 1019, 1023, 1027, 1028, 1045, 1047, 1048, 1054, 1056, 1068, 1075, 1076, 1077, 1081, 1090, 1091, 1096, 1098, 1104, 1108, 1117, 1118, 1122, 1123, 1125, 1134, 1141, 1150, 1157, 1162, 1163, 1166, 1170, 1173, 1185, 1193, 1199, 1201, 1215, 1218, 1219, 1220, 1225, 1236, 1237, 1241, 1246, 1248, 1251, 1252, 1253, 1282, 1286, 1291, 1303, 1313, 1317, 1324, 1325, 1327, 1341, 1345, 1346, 1358, 1365, 1375, 1387, 1388, 1393, 1402, 1403, 1404, 1421, 1423, 1424, 1425, 1427, 1428, 1433, 1434, 1438, 1440, 1450, 1460, 1471, 1472, 1480, 1484, 1488, 1502, 1504, 1507, 1511, 1516, 1517, 1518, 1519, 1525, 1529, 1532, 1536, 1538, 1540, 1543, 1546, 1553, 1554]
[0, 0, 0, 0, 0, 0, 0, 0, 0, 0, 0, 0, 0, 0, 0, 0, 0, 0, 0, 0, 0, 0, 0, 0, 0, 0, 0, 0, 0, 0, 0, 0, 0, 0, 0, 0, 0, 0, 0, 0, 0, 0, 0, 0, 0, 0, 0, 0, 0, 0, 0, 0, 0, 0, 0, 0, 0, 0, 0, 0, 0, 0, 0, 0, 0, 0, 0, 0, 0, 0, 0, 0, 0, 0, 0, 0, 0, 0, 0, 0, 0, 0, 0, 0, 0, 0, 0, 0, 0, 0, 0, 0, 0, 0, 0, 0, 0, 0, 0, 0, 0, 0, 0, 0, 0, 0, 0, 0, 0, 0, 0, 0, 0, 0, 0, 0, 0, 0, 0, 0, 0, 0, 0, 0, 0, 0, 0, 0, 0, 0, 0, 0, 0, 0, 0, 0, 0, 0, 0, 0, 0, 0, 0, 0, 0, 0, 0, 0, 0, 0, 0, 0, 0, 0, 0, 0, 0, 0, 0, 0, 0, 0, 0, 0, 0, 0, 0, 0, 0, 0, 0, 1, 0, 0, 0, 0, 0, 0, 0, 0, 0, 0, 0, 0, 0, 0, 0, 0, 0, 0, 0, 0, 0, 0, 0, 0, 0, 0, 0, 0, 0, 0, 0, 0, 0, 0, 0, 0, 0, 0, 0, 0, 0, 0, 0, 0, 0, 0, 0, 0, 0, 0, 0, 0, 0, 0, 0, 0, 0, 0, 0, 0, 0, 0, 0, 0, 0, 0, 0, 0, 0, 0, 0, 0, 0, 0, 0, 0, 0, 0, 0, 0, 0, 0, 0, 0, 0, 0, 0, 0, 0, 0, 0, 0, 0, 0, 0, 0, 0, 0, 0, 0, 0, 0, 0, 0, 0, 0, 0, 0, 0, 0, 0, 0, 0, 0, 0, 0, 0, 0, 0, 0, 0, 0, 0, 0, 0, 0, 0, 0, 0, 0, 0, 0, 0, 0, 0, 0, 0, 0, 0]
